9093
8139
3448
3963
5896
3264
8107
7002
2743
7278
3646
6113
3996
4987
3877
6882
3414
4914
1929
5972
7816
198
4260
9912
3679
5684
3045
5881
7044
3332
7572
8047
1528
2747
4784
3744
6060
8545
2835
7235
5395
9386
4487
2947
3407
7683
1681
4956
6616
3338
8716
4325
9627
7994
6273
5705
287
6034
8226
4276
7267
2129
4838
7799
9523
8305
1054
9273
5321
8797
2390
202
4975
1295
616
2500
8947
4075
8282
4688
7716
8546
1495
1714
9529
9347
651
7843
1089
7460
9336
2521
6629
9657
4918
6213
8217
6607
24
5800
2721
7912
9625
8674
3360
7491
3044
8985
5468
9815
8675
8403
8094
3484
8800
9793
2261
3590
3975
9672
7610
4590
1260
3948
7197
303
3817
9163
2191
7210
9296
4419
1689
7479
8927
8305
9274
5833
9473
3767
7582
4732
1632
1577
5961
9197
6873
2245
3459
2726
1432
1516
7565
7556
4530
4497
2849
5895
4466
8861
5960
9382
619
6125
6726
7325
7932
4281
2463
9108
6049
417
6317
9805
6086
4661
5001
8793
7878
9842
6999
983
7746
132
5918
9738
3438
1117
2484
6806
5589
5168
6217
9831
2988
2442
7802
7022
8532
5198
9798
2729
809
4683
3533
6974
4152
3869
4851
9988
653
3100
9076
4606
74
6980
7698
3380
131
8690
5562
447
5158
1240
5877
4769
5433
4558
650
6527
9004
4085
9313
6493
7661
2009
8498
3604
2490
8962
523
194
7457
6119
6512
6158
6579
6448
4397
6662
5831
3670
8007
5335
522
6409
8113
7880
6964
1037
5579
6964
9895
2866
772
8706
1105
6319
6816
8834
7472
8379
8260
1126
565
8967
8958
4475
5217
8427
370
1347
7212
2460
9487
6065
3252
5158
2193
6144
4322
1212
5951
5135
2921
9385
660
6397
3384
8114
571
3645
4223
3114
3171
3942
6750
305
6146
2778
9016
8954
1878
1761
6134
280
5655
3041
536
8740
9176
9804
407
1613
2364
4406
1862
2589
8965
1410
3191
3012
7175
104
6762
6052
9515
8613
8767
9496
112
5135
8045
3441
8012
3522
6427
2894
6225
5820
2235
4903
4138
6546
2519
6454
7428
8493
6339
7443
522
1637
8690
2315
1320
5272
1077
5596
3713
6534
9326
2607
7868
2028
5987
8787
1561
5500
5901
578
7202
9317
1776
946
6364
9812
3861
3722
7197
7975
6771
6110
9911
5561
5741
3882
7394
2400
4708
3799
5544
9135
3005
3309
6218
1575
5166
1861
2448
1393
8001
2376
1646
5521
5419
1370
530
8632
6742
2621
4953
3368
7627
3588
7265
9924
2203
1637
4057
5028
5740
6089
2885
3362
5121
7651
9854
660
3602
6730
8662
4534
4219
6117
9049
5363
5360
6146
3279
9696
1742
6755
9886
2677
6445
5830
3164
1769
3794
3376
2114
3785
2768
901
5580
1412
7726
8342
5244
3606
4980
6503
9631
5151
5327
2364
9735
559
2148
3456
1608
9185
8577
2993
5294
97
2911
571
1611
9019
5204
847
9007
7970
8741
5504
9200
5449
7016
203
8617
5361
6055
1216
1550
4496
4064
6017
5981
6554
6346
469
2992
1439
1171
794
5455
7441
7348
9685
6691
9904
1830
4615
3909
7955
8733
5374
6181
1157
2466
4980
6215
1146
4271
4792
8119
2125
5012
5368
1805
4615
6806
9416
4620
894
6999
8977
132
1992
7505
7897
1895
8330
7579
9306
3081
8721
9582
6930
368
2636
4674
183
2171
2628
5649
9941
2031
298
4973
5285
6780
3019
4541
5339
1663
9106
2658
4716
449
2746
168
4922
7596
7038
9769
2702
3933
9744
4395
4897
1765
7890
5738
919
537
6788
2752
2120
8474
2346
5008
5964
4863
1161
498
83
8302
2335
3576
1854
3353
8364
3775
8413
8485
9536
5506
3446
3142
8722
4457
6543
1047
5787
1182
3864
8581
8605
7520
7800
9259
2627
5808
5810
9000
3702
5289
675
5900
3272
9005
2395
7442
9985
6794
5750
103
756
5163
8950
633
9774
8587
9599
5098
7130
5236
5182
6004
9267
4181
9895
2614
1511
5539
6362
3597
8453
1878
2992
1230
4275
2228
4488
2783
4814
8043
6761
8981
9070
8280
4627
7608
6405
9205
9078
6083
4501
4126
7870
6360
779
6084
4922
8192
4540
6555
2040
8160
4298
1166
9006
6439
2850
2274
4519
1284
6326
6312
1641
9044
7154
76
9663
7753
8141
7483
3864
5062
1742
2609
2106
1702
7032
9088
8964
6797
7556
6349
5712
3271
3802
5124
6481
1772
7835
843
7598
9173
5373
5684
2378
8104
564
1469
3312
2478
4506
8849
4216
1030
2091
6753
5032
2131
1407
5101
6426
2624
2484
4668
8262
6100
3144
3644
6844
2737
9584
3571
6608
2726
488
4628
9506
6020
5976
1453
4888
7581
4542
7708
9051
9912
4190
8194
4475
6673
4355
416
9360
1038
2608
5806
5614
2589
9448
3531
7396
24
3558
4622
593
5291
8266
8090
6947
9308
8209
2865
4285
6520
8288
2383
2116
9919
5932
8167
6567
9206
9272
5132
4041
7226
252
6933
7053
6596
8143
4851
7916
8472
3457
1023
773
7431
3896
5116
8418
4709
2197
6172
5378
8885
2833
1167
9961
3216
5113
8550
7440
1108
3075
901
2842
9321
2332
6326
9365
8415
5008
1194
9849
4179
9509
6811
5072
5792
5285
8654
3810
8259
2918
2868
8060
9127
1159
8591
1500
6654
6153
9025
6923
3425
7639
4479
2279
3342
884
8453
2972
6481
4608
116
5423
7966
6310
4086
151
2250
6517
882
4424
5209
3929
7835
6813
8465
9334
3619
1137
4350
112
6668
4426
5887
5129
9471
3651
846
9704
1654
5765
1405
3410
8307
2865
9692
9464
4820
4780
4487
317
4254
888
2619
5618
4966
4266
969
2832
5487
2541
5555
5106
3549
3315
9908
9596
7528
3635
2860
9611
7276
5412
1193
7531
7901
3444
9857
9071
4168
2485
636
3488
885
2629
2926
1237
1753
2232
8082
7452
1335
1508
4498
4738
9446
2873
8435
5173
2334
3691
2061
8883
1404
8301
1608
2334
6550
3660
4770
7423
9944
1877
621
9603
6716
980
